% Exercise 2B
v1 = [3,7,1];
v2 = zeros(1,5);
v3 = ones(1,3);
v4 = 1:4;
v5 = [1:5,10:14];

v5([1:2, 4:8]) = [];
v5(2) = 7;
v5(3) = 1;
